0 0.560061 0.333807 0.064634 0.082386
0 0.477592 0.249188 0.065549 0.080357
0 0.372714 0.285917 0.066769 0.086445
1 0.476829 0.233360 0.110366 0.141233
1 0.369817 0.272727 0.113414 0.145292
1 0.462195 0.693182 0.118902 0.159902
0 0.462957 0.690746 0.071646 0.097403
1 0.563872 0.621144 0.110670 0.150569
0 0.556098 0.623579 0.065244 0.092127
1 0.469055 0.537744 0.113110 0.149351
0 0.468140 0.545049 0.065549 0.088474
1 0.563415 0.463271 0.109756 0.147322
0 0.562043 0.463677 0.064329 0.086444
1 0.462958 0.381696 0.110671 0.143263
0 0.462195 0.390625 0.064634 0.085634
1 0.563719 0.320414 0.108537 0.143263
