1 0.531707 0.560877 0.112195 0.151785
1 0.424695 0.337459 0.110976 0.145698
0 0.536280 0.426745 0.066463 0.082386
1 0.425609 0.510552 0.113415 0.149350
0 0.424543 0.516234 0.067378 0.086851
0 0.527134 0.561079 0.065244 0.089691
1 0.499085 0.739042 0.116463 0.161526
0 0.496341 0.734578 0.068293 0.094156
1 0.379574 0.741680 0.121951 0.162744
0 0.382317 0.738839 0.073170 0.096997
0 0.314329 0.549716 0.070122 0.092938
0 0.324848 0.405844 0.069207 0.086850
1 0.319817 0.395698 0.117683 0.147728
1 0.310366 0.547281 0.121342 0.154626
1 0.539634 0.413758 0.109146 0.142452
0 0.426219 0.349838 0.067073 0.084415
