0 0.556250 0.450487 0.064940 0.083604
1 0.427287 0.503247 0.115549 0.151786
0 0.427287 0.509537 0.068597 0.089691
1 0.317226 0.561689 0.122256 0.153409
0 0.322866 0.567776 0.071342 0.090098
1 0.372713 0.699472 0.122256 0.161120
0 0.376219 0.697849 0.071951 0.095374
0 0.519512 0.684456 0.066464 0.095374
0 0.327134 0.353896 0.068292 0.086850
0 0.563415 0.316762 0.064634 0.079951
0 0.400000 0.241883 0.064634 0.083604
1 0.523628 0.684862 0.115548 0.158686
1 0.560671 0.442979 0.109146 0.142452
1 0.564176 0.297484 0.109451 0.132305
1 0.323171 0.342938 0.118293 0.149351
1 0.397104 0.227679 0.111890 0.142045
