0 0.462957 0.690746 0.071646 0.097403
1 0.563872 0.621144 0.110670 0.150569
0 0.560061 0.333807 0.064634 0.082386
0 0.556098 0.623579 0.065244 0.092127
0 0.462195 0.390625 0.064634 0.085634
1 0.563719 0.320414 0.108537 0.143263
0 0.468140 0.545049 0.065549 0.088474
0 0.562043 0.463677 0.064329 0.086444
1 0.563415 0.463271 0.109756 0.147322
0 0.478658 0.248174 0.064635 0.079140
1 0.477439 0.230926 0.110976 0.137175
0 0.319970 0.454342 0.070427 0.088879
1 0.316159 0.447443 0.119513 0.150568
1 0.462958 0.381696 0.110671 0.143263
1 0.469055 0.537744 0.113110 0.149351
1 0.462195 0.693182 0.118902 0.159902
