1 0.331097 0.401582 0.117073 0.148133
1 0.562805 0.678368 0.115244 0.158685
0 0.559909 0.678977 0.067378 0.094156
1 0.411280 0.753856 0.120731 0.167613
1 0.305945 0.651785 0.124086 0.159903
1 0.448933 0.535714 0.114330 0.150974
1 0.563262 0.477070 0.110671 0.146510
1 0.490092 0.283280 0.108841 0.142857
0 0.448018 0.539772 0.067378 0.090097
0 0.559299 0.483158 0.066158 0.088069
0 0.335518 0.410714 0.069817 0.088474
0 0.488110 0.296469 0.065244 0.084822
0 0.310518 0.652394 0.072256 0.094561
0 0.413415 0.749189 0.071951 0.097403
