0 0.480640 0.250406 0.064329 0.078734
1 0.464177 0.682427 0.118598 0.159496
1 0.563719 0.606331 0.110365 0.150162
1 0.526372 0.461039 0.109452 0.146916
1 0.311585 0.611607 0.122561 0.156656
1 0.317988 0.396915 0.119512 0.150163
1 0.354878 0.258320 0.112804 0.141640
1 0.480641 0.233969 0.110671 0.136770
1 0.564177 0.328734 0.108232 0.142857
0 0.358689 0.274757 0.067988 0.086039
0 0.462805 0.683238 0.071342 0.096997
0 0.555945 0.612824 0.064939 0.091721
0 0.316006 0.614245 0.072256 0.092938
0 0.524695 0.466720 0.064024 0.086039
0 0.317073 0.406047 0.070732 0.088068
0 0.560823 0.340097 0.064329 0.081981
