0 0.376219 0.697849 0.071951 0.095374
0 0.561585 0.341721 0.063415 0.077110
0 0.475915 0.255885 0.064025 0.082386
0 0.437348 0.385755 0.065549 0.084010
0 0.546494 0.476055 0.063720 0.084416
1 0.430793 0.521713 0.115244 0.151380
1 0.524848 0.611811 0.114939 0.153815
1 0.551067 0.468750 0.110670 0.144480
1 0.372713 0.699472 0.122256 0.161120
1 0.317226 0.561689 0.122256 0.153409
1 0.437043 0.376217 0.113719 0.146103
1 0.564786 0.325893 0.108841 0.133117
1 0.476982 0.240666 0.108232 0.141233
0 0.430488 0.519886 0.068293 0.089285
0 0.322866 0.567776 0.071342 0.090098
0 0.522256 0.608158 0.065244 0.090503
