0 0.562195 0.572849 0.065244 0.086444
1 0.561128 0.564935 0.113720 0.147728
1 0.537195 0.422281 0.109756 0.143263
1 0.312195 0.497971 0.118902 0.150162
1 0.318445 0.340504 0.117988 0.149351
1 0.435214 0.305195 0.111891 0.144480
1 0.484146 0.677963 0.115244 0.156250
1 0.359298 0.720982 0.120427 0.162744
0 0.435671 0.318385 0.065854 0.086445
0 0.322408 0.351461 0.069817 0.087662
0 0.534604 0.432427 0.064329 0.082386
0 0.317225 0.503044 0.070427 0.089692
0 0.482164 0.676339 0.066769 0.092127
0 0.362804 0.718141 0.071951 0.095373
