0 0.463414 0.685877 0.068293 0.093344
0 0.522561 0.560470 0.066464 0.086851
0 0.440854 0.454342 0.067073 0.089691
0 0.547561 0.379059 0.062804 0.086851
0 0.339481 0.409496 0.068597 0.086851
0 0.477134 0.282873 0.065854 0.085227
1 0.478354 0.267248 0.110366 0.142451
1 0.332164 0.398741 0.115549 0.148945
1 0.554116 0.372971 0.108842 0.146104
1 0.463110 0.688515 0.116463 0.158685
1 0.526372 0.557427 0.111890 0.148134
1 0.326219 0.709010 0.122561 0.162338
1 0.441006 0.446631 0.113110 0.147321
0 0.332012 0.706981 0.073171 0.097403
