1 0.524238 0.544643 0.113110 0.149350
1 0.321494 0.554180 0.121036 0.155438
1 0.423171 0.476461 0.112195 0.147728
1 0.508536 0.385958 0.109147 0.141234
1 0.326829 0.314732 0.114634 0.149756
1 0.431098 0.258522 0.113415 0.142045
0 0.485061 0.728693 0.068902 0.094562
0 0.382012 0.690138 0.071342 0.093750
0 0.520122 0.547890 0.065854 0.086851
0 0.325762 0.557224 0.071036 0.091720
0 0.428506 0.481331 0.066768 0.086850
0 0.504725 0.395901 0.064939 0.081574
0 0.429878 0.273945 0.065854 0.083604
0 0.333537 0.326096 0.068903 0.088880
1 0.378964 0.691964 0.118293 0.161526
1 0.491615 0.733766 0.114939 0.161526
