0 0.313567 0.587865 0.072256 0.092938
0 0.557926 0.694602 0.067073 0.093750
0 0.390244 0.722606 0.071342 0.098621
0 0.319665 0.440949 0.069817 0.089691
0 0.542073 0.546875 0.065854 0.088068
1 0.314634 0.433239 0.119512 0.151380
1 0.309146 0.587053 0.121951 0.155439
1 0.563262 0.400162 0.110061 0.144481
1 0.545427 0.543832 0.111586 0.147727
1 0.562043 0.695617 0.114939 0.158279
1 0.387195 0.724838 0.119512 0.163961
0 0.385823 0.305398 0.066158 0.084010
0 0.558994 0.409497 0.065548 0.087662
1 0.383232 0.292614 0.112195 0.144481
