1 0.347561 0.453937 0.117682 0.149757
1 0.394054 0.734781 0.120427 0.163555
1 0.562348 0.636364 0.115549 0.155844
1 0.307165 0.626421 0.122866 0.160309
1 0.516158 0.499797 0.112195 0.146510
1 0.498019 0.337257 0.110671 0.142857
1 0.408994 0.249391 0.110670 0.139205
0 0.411129 0.267248 0.064939 0.081575
0 0.495580 0.348823 0.064939 0.086444
0 0.350457 0.461242 0.069207 0.087256
0 0.512652 0.505682 0.066769 0.086851
0 0.311891 0.627638 0.072561 0.092938
0 0.396951 0.730519 0.070732 0.096591
0 0.560366 0.634537 0.068292 0.092127
