0 0.345274 0.699269 0.071647 0.094967
1 0.510976 0.442167 0.110366 0.148133
1 0.418140 0.243101 0.113720 0.135552
1 0.407165 0.387987 0.112500 0.146104
1 0.333232 0.501217 0.120732 0.153409
1 0.340244 0.701908 0.121342 0.161931
1 0.455640 0.740260 0.117988 0.162338
1 0.494817 0.592329 0.113414 0.150569
0 0.416768 0.261769 0.067073 0.078733
0 0.408689 0.396915 0.066768 0.086851
0 0.508080 0.448458 0.065549 0.087662
0 0.336738 0.504464 0.069207 0.090097
0 0.493140 0.597606 0.066768 0.088069
0 0.453963 0.734578 0.069513 0.095780
