1 0.526982 0.554789 0.111890 0.148539
0 0.465091 0.687703 0.068597 0.093750
1 0.465396 0.687906 0.116768 0.159091
0 0.522714 0.558644 0.066769 0.087257
1 0.335213 0.704140 0.122256 0.162337
1 0.312196 0.514814 0.117073 0.153003
1 0.426829 0.482955 0.113415 0.148539
1 0.522714 0.408482 0.108231 0.142452
1 0.425762 0.334619 0.113110 0.140827
0 0.340091 0.701704 0.072257 0.094967
0 0.322257 0.518872 0.067683 0.090503
0 0.427287 0.489245 0.066769 0.088068
0 0.515854 0.420860 0.064634 0.084415
0 0.427592 0.350041 0.066159 0.083198
