1 0.308841 0.767248 0.126219 0.167613
1 0.309756 0.605317 0.121342 0.155439
1 0.430030 0.622564 0.115549 0.153409
1 0.515853 0.505276 0.110975 0.147728
1 0.405640 0.474432 0.113720 0.149351
1 0.484756 0.320820 0.109146 0.144075
0 0.483689 0.332995 0.063720 0.084010
0 0.411128 0.481534 0.067988 0.088068
0 0.513567 0.510349 0.064330 0.086444
0 0.553811 0.668832 0.065548 0.091721
0 0.430640 0.623985 0.067988 0.091315
0 0.461585 0.767451 0.069512 0.094967
0 0.314786 0.760349 0.071037 0.098620
0 0.315091 0.606332 0.071647 0.090909
1 0.461433 0.774350 0.118598 0.163149
1 0.558841 0.670860 0.114635 0.155844
