0 0.486586 0.743304 0.068293 0.093750
0 0.323628 0.324878 0.069208 0.087256
0 0.427743 0.274757 0.067683 0.086851
0 0.546952 0.330154 0.062805 0.083198
0 0.458842 0.410308 0.065853 0.084415
0 0.314329 0.582386 0.070732 0.093344
1 0.381250 0.702719 0.118598 0.161932
0 0.385518 0.696834 0.071646 0.094156
1 0.492378 0.756696 0.115854 0.158685
1 0.561890 0.631088 0.114024 0.152597
1 0.310061 0.579951 0.123780 0.155844
1 0.459147 0.402394 0.111585 0.144887
1 0.551677 0.318993 0.108232 0.141233
1 0.318750 0.313515 0.116768 0.147321
1 0.427591 0.259943 0.112500 0.144886
0 0.556403 0.630275 0.062805 0.086039
