1 0.563719 0.500000 0.111585 0.148538
0 0.362805 0.675933 0.075000 0.096185
0 0.467378 0.699675 0.067074 0.093344
0 0.561281 0.497971 0.065853 0.087662
0 0.411433 0.426949 0.066768 0.086039
0 0.319512 0.508726 0.070732 0.088880
0 0.512195 0.379059 0.066464 0.082793
0 0.356707 0.300933 0.067073 0.084821
0 0.458384 0.260755 0.063720 0.080763
1 0.472409 0.703125 0.114329 0.160308
1 0.357165 0.676137 0.122256 0.162337
1 0.315701 0.503450 0.119817 0.150568
1 0.410976 0.418222 0.113415 0.145698
1 0.515397 0.368101 0.109451 0.141234
1 0.458842 0.243913 0.109757 0.137175
1 0.353811 0.288961 0.115548 0.147728
