1 0.362348 0.759335 0.119207 0.163149
1 0.311585 0.617695 0.122561 0.155844
1 0.563110 0.490057 0.110366 0.146510
1 0.317226 0.422078 0.119207 0.150162
1 0.418292 0.264408 0.112805 0.146509
1 0.561891 0.641031 0.112805 0.152192
1 0.482012 0.754058 0.118902 0.163149
0 0.558384 0.640220 0.067378 0.090503
0 0.480640 0.747565 0.067988 0.095780
0 0.370275 0.748377 0.071037 0.095779
0 0.317379 0.619927 0.072561 0.092938
0 0.559146 0.496144 0.065244 0.085633
0 0.321647 0.427759 0.068903 0.085227
0 0.418597 0.279627 0.066463 0.087663
