1 0.444360 0.496551 0.113110 0.148133
1 0.321798 0.250000 0.115549 0.140422
0 0.495731 0.686688 0.068903 0.093344
0 0.551219 0.511769 0.063415 0.083603
0 0.445275 0.501421 0.066159 0.087257
0 0.331859 0.553368 0.071037 0.092127
0 0.374543 0.392655 0.068597 0.086445
0 0.523019 0.377232 0.064329 0.084010
0 0.457469 0.247159 0.065549 0.082792
0 0.327439 0.266437 0.068902 0.083198
1 0.499390 0.687094 0.117073 0.159091
1 0.556708 0.507914 0.111585 0.145698
1 0.525458 0.367289 0.108841 0.141234
1 0.327897 0.549107 0.119207 0.152598
1 0.371494 0.384132 0.115548 0.146509
1 0.457469 0.232752 0.108841 0.140828
