0 0.549390 0.682224 0.065854 0.094156
1 0.473019 0.335025 0.110671 0.143263
1 0.353658 0.420048 0.117683 0.148539
1 0.364024 0.587460 0.118903 0.153815
0 0.375915 0.293426 0.067073 0.080357
1 0.488719 0.530845 0.110975 0.148539
1 0.554878 0.683847 0.114024 0.156656
1 0.440854 0.704748 0.117073 0.160309
0 0.471189 0.346996 0.065548 0.086039
0 0.356097 0.426745 0.068903 0.088880
0 0.486891 0.535106 0.066463 0.088069
0 0.366920 0.589894 0.070427 0.090503
0 0.444360 0.702719 0.071037 0.094562
1 0.369970 0.272930 0.112500 0.134334
