0 0.538415 0.705154 0.068293 0.094562
0 0.456403 0.594967 0.069513 0.091721
0 0.314177 0.500406 0.071036 0.092532
0 0.426219 0.462662 0.067073 0.088474
0 0.532774 0.389002 0.064329 0.080763
0 0.435519 0.325690 0.064939 0.078328
0 0.333232 0.362622 0.068903 0.088068
1 0.328963 0.351867 0.115244 0.147728
1 0.436890 0.307427 0.113415 0.137582
1 0.537500 0.373173 0.108536 0.138393
1 0.428506 0.455763 0.113720 0.148538
1 0.317226 0.508117 0.121647 0.155032
1 0.547561 0.519683 0.110976 0.146509
1 0.454421 0.601055 0.116159 0.153409
1 0.343902 0.657671 0.120731 0.161121
1 0.545122 0.706981 0.114024 0.159091
1 0.434299 0.759943 0.120427 0.165990
0 0.544207 0.523336 0.065854 0.086444
0 0.349085 0.657264 0.071341 0.094561
0 0.437195 0.751217 0.071342 0.094967
