0 0.425762 0.469765 0.066158 0.087257
1 0.463110 0.818790 0.118902 0.165179
0 0.363719 0.311079 0.067073 0.081575
0 0.466463 0.300122 0.064025 0.078328
0 0.556860 0.726867 0.068598 0.095779
1 0.358537 0.291599 0.114025 0.133522
0 0.509146 0.588068 0.067073 0.089286
1 0.314024 0.427557 0.117683 0.146510
1 0.512043 0.585836 0.112500 0.153004
1 0.527744 0.405844 0.110366 0.146916
1 0.469512 0.279627 0.110976 0.130682
1 0.315854 0.582792 0.120732 0.156656
1 0.369208 0.723011 0.121951 0.161932
1 0.426067 0.463880 0.114330 0.150974
0 0.461585 0.806818 0.070122 0.097402
0 0.524390 0.414164 0.065854 0.088068
0 0.371341 0.715300 0.071341 0.093750
0 0.321189 0.584213 0.071036 0.092127
0 0.321799 0.440747 0.068598 0.087662
1 0.561585 0.730722 0.117073 0.161120
