0 0.357774 0.519683 0.069817 0.090503
1 0.429725 0.324472 0.110671 0.142451
1 0.538262 0.346388 0.108232 0.144074
1 0.465396 0.464083 0.111890 0.147322
1 0.557013 0.555195 0.113415 0.150162
1 0.448933 0.613231 0.114939 0.153409
1 0.352134 0.802963 0.123780 0.165179
1 0.558231 0.728490 0.112805 0.157468
0 0.322713 0.386769 0.067378 0.082793
0 0.430793 0.339489 0.065854 0.083198
0 0.534604 0.357346 0.062500 0.083198
0 0.464176 0.468750 0.065549 0.086038
1 0.315549 0.373580 0.117073 0.144887
1 0.358842 0.513595 0.117073 0.153003
1 0.306860 0.655439 0.121037 0.159903
0 0.312043 0.653815 0.071646 0.094156
0 0.448323 0.614043 0.067988 0.090909
0 0.552897 0.557630 0.066159 0.087662
0 0.553811 0.727070 0.067988 0.093750
0 0.355031 0.791802 0.072257 0.095780
