1 0.555488 0.444196 0.109146 0.134335
0 0.491616 0.322647 0.061280 0.081169
0 0.372865 0.330966 0.067073 0.079952
0 0.323323 0.595982 0.071646 0.092126
0 0.444970 0.463677 0.066159 0.085634
0 0.316311 0.452922 0.069818 0.087662
0 0.418141 0.770292 0.071037 0.098214
0 0.557317 0.732954 0.066464 0.093345
0 0.560366 0.590097 0.066464 0.089285
0 0.448933 0.608766 0.069817 0.089286
1 0.449695 0.608360 0.115854 0.155033
1 0.318750 0.594561 0.121646 0.157467
1 0.444817 0.455966 0.112805 0.148944
1 0.563109 0.587054 0.113415 0.151380
1 0.302134 0.754464 0.124390 0.166396
1 0.420732 0.775568 0.119512 0.165584
1 0.485214 0.308441 0.096647 0.139611
1 0.562957 0.742492 0.117988 0.159496
0 0.550000 0.449878 0.064634 0.084010
1 0.312043 0.442167 0.119207 0.148133
1 0.373323 0.312906 0.116768 0.138799
0 0.308536 0.747565 0.072561 0.098214
