0 0.542683 0.416193 0.065244 0.085633
0 0.382775 0.399960 0.068597 0.091315
0 0.467378 0.320820 0.064634 0.083198
1 0.469207 0.304383 0.110975 0.136364
1 0.545732 0.409903 0.111585 0.146104
1 0.379420 0.391234 0.114939 0.148539
1 0.335975 0.639814 0.121341 0.159497
1 0.528506 0.754667 0.115548 0.162744
1 0.562652 0.559659 0.113109 0.150974
1 0.419360 0.821226 0.121646 0.171672
0 0.340091 0.639813 0.071647 0.094562
0 0.421189 0.813514 0.072256 0.100243
0 0.525305 0.751217 0.068902 0.095779
0 0.559908 0.562906 0.066769 0.090098
