1 0.352592 0.323661 0.115549 0.145698
1 0.428201 0.436079 0.112500 0.147321
0 0.403354 0.805803 0.073171 0.101055
0 0.530488 0.471185 0.064024 0.086850
0 0.320885 0.470373 0.070427 0.090909
0 0.418750 0.599838 0.069208 0.090909
0 0.493903 0.335633 0.064635 0.084416
0 0.356555 0.338068 0.066768 0.085227
0 0.522713 0.749594 0.069817 0.096591
1 0.537195 0.465301 0.110366 0.148945
1 0.495427 0.324878 0.110366 0.145698
0 0.430945 0.441964 0.066158 0.086851
1 0.401830 0.811485 0.123781 0.171672
1 0.525763 0.754058 0.115549 0.163961
1 0.418293 0.598620 0.116463 0.155032
1 0.315091 0.464083 0.117987 0.151380
