1 0.550914 0.525366 0.110975 0.149757
0 0.559451 0.391031 0.064024 0.084822
0 0.332317 0.371957 0.068902 0.086445
1 0.328048 0.359172 0.117073 0.146916
1 0.315854 0.509335 0.120122 0.151785
1 0.563262 0.381494 0.109451 0.144481
0 0.546951 0.527597 0.065854 0.088474
0 0.321494 0.514408 0.071036 0.091315
0 0.347714 0.657467 0.071647 0.095779
0 0.437043 0.752029 0.070427 0.097403
0 0.539939 0.702516 0.067682 0.094156
0 0.456250 0.593952 0.069208 0.091315
1 0.546951 0.703531 0.114024 0.158685
1 0.436433 0.757508 0.118598 0.165990
1 0.343598 0.659903 0.121951 0.160715
1 0.451829 0.594359 0.115244 0.156250
