1 0.315244 0.406656 0.118292 0.148539
0 0.557927 0.550933 0.063414 0.087257
0 0.433079 0.560674 0.068598 0.090503
0 0.327592 0.721591 0.072257 0.097402
0 0.362652 0.288352 0.067378 0.073458
0 0.324238 0.559659 0.072866 0.090909
0 0.466311 0.292208 0.063720 0.077922
0 0.557775 0.696022 0.068597 0.092533
0 0.553811 0.370536 0.064330 0.084416
0 0.447408 0.426137 0.065549 0.085227
0 0.320732 0.417817 0.070122 0.088069
1 0.467988 0.274554 0.112195 0.148133
1 0.557927 0.360795 0.109756 0.144481
1 0.448476 0.418628 0.111585 0.145698
1 0.318446 0.558442 0.119817 0.155033
1 0.434909 0.563717 0.115549 0.153409
1 0.562957 0.546063 0.114329 0.151380
1 0.562195 0.698052 0.114634 0.156656
1 0.354726 0.265423 0.114329 0.127435
0 0.451372 0.739448 0.071036 0.096591
1 0.450914 0.742492 0.115853 0.161932
1 0.322256 0.723823 0.123170 0.166802
