0 0.426677 0.516031 0.067988 0.089692
0 0.316616 0.546469 0.071646 0.092126
0 0.346799 0.399756 0.070427 0.088475
0 0.429573 0.700487 0.071342 0.095780
0 0.541921 0.714083 0.067378 0.093750
0 0.535975 0.542005 0.065853 0.088880
0 0.546646 0.403004 0.065244 0.086851
0 0.461738 0.321429 0.064939 0.084415
1 0.311433 0.542005 0.119208 0.153815
1 0.342379 0.391234 0.117683 0.148539
1 0.429726 0.702110 0.117988 0.162337
1 0.539177 0.539975 0.111890 0.149757
1 0.426067 0.510755 0.113720 0.148945
1 0.461433 0.308442 0.110061 0.142045
1 0.550763 0.394684 0.109451 0.144887
1 0.546798 0.717532 0.115549 0.159903
