1 0.310671 0.536120 0.120732 0.155032
1 0.315396 0.709009 0.122866 0.163961
1 0.421951 0.803774 0.119512 0.166802
1 0.536281 0.766843 0.115853 0.162743
1 0.433841 0.630073 0.114635 0.157874
1 0.557927 0.463880 0.110976 0.147728
1 0.455183 0.327922 0.111586 0.146104
1 0.330793 0.353897 0.115854 0.148539
0 0.315701 0.539772 0.071037 0.092533
0 0.334603 0.365057 0.068597 0.085633
0 0.454116 0.338880 0.064939 0.083604
0 0.553811 0.470982 0.066158 0.088068
0 0.434299 0.631088 0.069207 0.094156
0 0.319360 0.706372 0.072256 0.096997
0 0.531402 0.762379 0.068903 0.096185
0 0.422256 0.797687 0.071342 0.099432
