1 0.397865 0.493304 0.117073 0.149757
1 0.327897 0.644481 0.121647 0.158279
1 0.460518 0.639204 0.114939 0.155033
1 0.557165 0.546875 0.111890 0.149756
1 0.562348 0.709415 0.113719 0.157467
0 0.320122 0.394481 0.068292 0.088474
0 0.424390 0.351461 0.065244 0.086039
0 0.528201 0.362216 0.063720 0.084822
0 0.399085 0.499594 0.067073 0.087662
0 0.552744 0.549919 0.065854 0.087662
0 0.460061 0.639611 0.067682 0.091721
0 0.333537 0.647727 0.072561 0.094156
0 0.362348 0.791396 0.072256 0.098214
0 0.473019 0.799716 0.069207 0.093750
0 0.556708 0.707386 0.067683 0.094156
1 0.315396 0.387378 0.117378 0.151380
1 0.533537 0.352070 0.107927 0.144886
1 0.423781 0.339894 0.112195 0.145699
1 0.357164 0.799918 0.121037 0.168831
1 0.476830 0.819196 0.118293 0.157873
