0 0.461585 0.648539 0.069512 0.092532
0 0.321189 0.378043 0.069818 0.085633
0 0.425305 0.317978 0.064634 0.085633
0 0.527286 0.347606 0.063109 0.084821
0 0.319512 0.692573 0.073171 0.095374
0 0.558841 0.699878 0.068903 0.092938
0 0.475915 0.800933 0.070122 0.096997
1 0.316464 0.363433 0.117683 0.144075
1 0.424696 0.305398 0.112805 0.145698
1 0.532775 0.337460 0.108231 0.144887
1 0.309909 0.513190 0.120427 0.153004
1 0.427287 0.504668 0.113109 0.144075
1 0.538110 0.535512 0.112195 0.149757
1 0.314482 0.694196 0.123476 0.164367
1 0.457470 0.652192 0.115549 0.157467
1 0.563567 0.709415 0.116768 0.157467
1 0.470732 0.814732 0.120122 0.165178
0 0.421952 0.518263 0.067073 0.086038
0 0.314329 0.517451 0.071341 0.090909
0 0.533079 0.538961 0.064329 0.088474
