0 0.330336 0.646713 0.070427 0.094562
1 0.315701 0.405235 0.117988 0.151380
0 0.320732 0.413352 0.069512 0.088068
0 0.421189 0.348620 0.064939 0.086039
0 0.526829 0.349432 0.062805 0.084416
0 0.456555 0.478491 0.066768 0.086851
1 0.556860 0.547281 0.111890 0.149756
0 0.442683 0.631900 0.068292 0.091721
0 0.552897 0.551339 0.064939 0.088068
0 0.555335 0.708401 0.067378 0.093750
0 0.469817 0.800324 0.069512 0.092533
0 0.359756 0.793019 0.071952 0.099026
1 0.419207 0.334213 0.111585 0.144887
1 0.529421 0.339488 0.107622 0.142451
1 0.458384 0.473620 0.111280 0.147728
1 0.443140 0.630479 0.113720 0.154626
1 0.324847 0.644074 0.121647 0.159903
1 0.354116 0.800933 0.121646 0.168425
1 0.473476 0.818182 0.118903 0.159091
1 0.559299 0.710430 0.113720 0.158685
