0 0.315854 0.566153 0.070122 0.091721
0 0.540701 0.566356 0.067988 0.088879
1 0.407927 0.309457 0.113414 0.142451
1 0.315244 0.393060 0.118292 0.149756
1 0.456402 0.443791 0.113415 0.149757
1 0.544055 0.563718 0.111890 0.150974
1 0.420427 0.641843 0.115854 0.155439
1 0.310365 0.563109 0.121951 0.155438
1 0.515092 0.787540 0.117987 0.165991
1 0.396494 0.801948 0.121036 0.169642
0 0.455640 0.449269 0.066768 0.087663
0 0.410519 0.324472 0.066159 0.083198
0 0.400457 0.795658 0.072256 0.099431
0 0.511128 0.781453 0.069817 0.096996
0 0.421342 0.641031 0.069513 0.092126
0 0.318140 0.401989 0.069817 0.088068
