1 0.316006 0.370536 0.117378 0.150162
1 0.408536 0.285917 0.111585 0.141640
1 0.508994 0.345373 0.108842 0.142857
1 0.562500 0.472808 0.110366 0.146104
1 0.420579 0.432427 0.113110 0.147322
1 0.452592 0.577516 0.111891 0.149351
1 0.312348 0.680397 0.123475 0.163555
1 0.395884 0.795454 0.121036 0.167207
1 0.514939 0.786323 0.115244 0.161932
0 0.559756 0.479099 0.064634 0.084822
0 0.462348 0.568182 0.066769 0.090098
0 0.321646 0.528409 0.069512 0.091720
0 0.417073 0.440544 0.067683 0.089692
0 0.503049 0.355926 0.062195 0.081981
0 0.408536 0.301137 0.067073 0.084415
0 0.320580 0.380682 0.069817 0.088474
1 0.557317 0.639204 0.113414 0.155845
0 0.550305 0.639204 0.064024 0.090097
0 0.508689 0.776380 0.069208 0.094156
0 0.399085 0.788353 0.070731 0.096997
0 0.318140 0.678978 0.072866 0.095779
1 0.316921 0.522930 0.119817 0.153003
