0 0.542988 0.382508 0.064634 0.084010
0 0.454573 0.314935 0.064634 0.080358
1 0.551219 0.366680 0.107317 0.139204
1 0.483384 0.798701 0.119817 0.168019
0 0.365854 0.623174 0.070122 0.092938
0 0.316006 0.760146 0.073476 0.099026
1 0.453963 0.296875 0.110975 0.138392
1 0.384298 0.409699 0.115549 0.148133
1 0.363719 0.619318 0.118293 0.155844
1 0.310061 0.766843 0.124390 0.166802
1 0.548476 0.667005 0.114634 0.157062
1 0.548476 0.667005 0.114634 0.157062
1 0.563414 0.513799 0.111585 0.149351
0 0.482012 0.790990 0.070122 0.098214
0 0.544817 0.665585 0.068292 0.092533
0 0.558385 0.520089 0.064329 0.085633
0 0.387043 0.416193 0.066768 0.088880
