1 0.307013 0.630885 0.123171 0.157873
1 0.526981 0.669845 0.114329 0.157873
1 0.433994 0.579951 0.113720 0.152597
0 0.520579 0.667207 0.065549 0.091721
0 0.452744 0.787540 0.071342 0.096997
0 0.339482 0.776583 0.072866 0.097808
0 0.312500 0.630682 0.071952 0.093344
1 0.311433 0.475852 0.115548 0.146510
1 0.422256 0.430601 0.114024 0.146104
0 0.441464 0.575081 0.067073 0.090098
1 0.335061 0.328937 0.115244 0.144886
1 0.442683 0.288352 0.109756 0.141640
1 0.527134 0.383320 0.109756 0.144075
1 0.563872 0.520495 0.110670 0.148133
0 0.342378 0.344359 0.067074 0.083198
0 0.443902 0.302354 0.066463 0.084416
0 0.523019 0.392857 0.064939 0.085227
0 0.422104 0.439935 0.066768 0.086850
0 0.322561 0.487825 0.069512 0.087662
0 0.559299 0.522524 0.066158 0.088880
1 0.332317 0.788758 0.122561 0.165178
1 0.453201 0.794643 0.119817 0.165584
