1 0.387500 0.320211 0.113414 0.146104
1 0.498933 0.333198 0.109452 0.143668
1 0.424543 0.502232 0.113110 0.148133
1 0.317226 0.573458 0.121647 0.155844
1 0.366768 0.792410 0.121341 0.169237
1 0.486586 0.800528 0.117683 0.166802
1 0.562652 0.664975 0.113719 0.154627
1 0.448476 0.648742 0.114634 0.155438
1 0.549238 0.487621 0.109451 0.147321
0 0.322103 0.575284 0.069817 0.091315
0 0.455793 0.642451 0.066463 0.092533
0 0.373933 0.787135 0.071036 0.099432
0 0.484756 0.793628 0.069512 0.096997
0 0.559909 0.664570 0.067987 0.091315
0 0.545884 0.492491 0.064329 0.085633
0 0.425914 0.507305 0.065853 0.086851
0 0.389939 0.332387 0.065854 0.086039
0 0.496341 0.345373 0.064025 0.083604
