1 0.336433 0.321835 0.115548 0.143669
0 0.319207 0.475650 0.069512 0.090097
0 0.448018 0.317370 0.064939 0.084416
0 0.543597 0.365057 0.062805 0.084822
0 0.540396 0.568182 0.064329 0.087662
0 0.457317 0.652597 0.069512 0.093344
0 0.313719 0.657671 0.072561 0.094561
0 0.350610 0.798092 0.071341 0.096997
0 0.463872 0.805397 0.070426 0.096185
0 0.558079 0.726258 0.067378 0.094562
1 0.314177 0.470171 0.117988 0.152191
1 0.448171 0.304586 0.109756 0.144074
1 0.550609 0.357346 0.106707 0.144886
1 0.547713 0.562703 0.111891 0.151380
1 0.455183 0.654018 0.115244 0.156250
1 0.308689 0.656859 0.122256 0.160308
1 0.342683 0.810877 0.121342 0.163149
1 0.463568 0.816762 0.119817 0.168425
1 0.562652 0.728287 0.114329 0.160309
0 0.342378 0.337865 0.066464 0.083198
