0 0.334757 0.358969 0.067683 0.086445
0 0.330945 0.772118 0.073476 0.099431
0 0.474695 0.791802 0.070122 0.098214
1 0.331250 0.347199 0.117378 0.148945
1 0.465091 0.313717 0.110061 0.146103
1 0.547866 0.515422 0.112195 0.150162
1 0.564024 0.691558 0.115244 0.155033
1 0.476220 0.798296 0.118293 0.169643
1 0.376067 0.613028 0.117988 0.157061
1 0.325610 0.776177 0.125610 0.170860
0 0.378659 0.614854 0.070731 0.092532
0 0.543141 0.520292 0.066159 0.088474
0 0.463415 0.325082 0.064634 0.086039
0 0.559909 0.700284 0.068597 0.091315
