0 0.459451 0.799716 0.068902 0.099432
0 0.557774 0.726664 0.067378 0.093750
1 0.320274 0.466518 0.117378 0.151380
1 0.459908 0.809254 0.118597 0.168019
1 0.341768 0.781048 0.120122 0.169237
1 0.434299 0.433238 0.112500 0.147321
1 0.339634 0.318182 0.114024 0.143669
1 0.449085 0.285714 0.110366 0.135552
1 0.562652 0.730114 0.114329 0.159903
1 0.547561 0.352273 0.107318 0.141234
1 0.562195 0.497768 0.110366 0.146510
0 0.325153 0.472808 0.068597 0.089285
0 0.345580 0.333198 0.066159 0.081980
0 0.447561 0.303978 0.065244 0.079545
0 0.543292 0.365463 0.062805 0.087257
0 0.434909 0.439530 0.066159 0.086039
0 0.317683 0.619115 0.071342 0.092127
1 0.312500 0.620942 0.121342 0.159091
0 0.558994 0.504058 0.065548 0.087663
0 0.348780 0.775974 0.071951 0.096590
