0 0.463263 0.329140 0.064939 0.083604
1 0.439176 0.460430 0.114329 0.147322
1 0.456555 0.608361 0.114330 0.152597
1 0.330488 0.631900 0.120732 0.158279
1 0.463110 0.314326 0.109756 0.140828
1 0.545579 0.412540 0.111890 0.146509
1 0.562500 0.559862 0.113414 0.151380
1 0.418903 0.820617 0.121951 0.172078
1 0.527744 0.754870 0.115854 0.163150
0 0.440091 0.467127 0.066159 0.087663
0 0.459909 0.605926 0.067378 0.090909
0 0.334756 0.631900 0.071952 0.094967
0 0.542226 0.420048 0.065549 0.086039
0 0.558231 0.562703 0.067073 0.090504
0 0.525305 0.751217 0.068902 0.095779
0 0.421189 0.813514 0.072256 0.100243
