0 0.316615 0.477882 0.069817 0.089691
0 0.450000 0.530844 0.066464 0.086850
0 0.555335 0.508929 0.064939 0.088474
0 0.557621 0.691153 0.067683 0.092533
0 0.316921 0.650568 0.073476 0.095779
0 0.369360 0.792817 0.071646 0.097809
0 0.489634 0.808644 0.070122 0.096997
0 0.441464 0.673904 0.068293 0.093750
0 0.551829 0.371754 0.064024 0.080357
1 0.313110 0.473012 0.120732 0.153003
1 0.448933 0.521104 0.114330 0.147728
1 0.559756 0.503856 0.110366 0.147321
1 0.556860 0.357549 0.108841 0.137175
1 0.311585 0.650162 0.122561 0.159903
1 0.441006 0.674716 0.116158 0.159496
1 0.562652 0.692979 0.114939 0.156250
1 0.490701 0.820617 0.118598 0.167208
1 0.364329 0.802557 0.121341 0.167614
