1 0.534146 0.394278 0.110366 0.144887
1 0.473171 0.794439 0.119512 0.164367
1 0.553658 0.539367 0.112805 0.150162
1 0.562348 0.691761 0.114939 0.157873
0 0.323171 0.420049 0.069512 0.085227
0 0.313414 0.562702 0.070731 0.091315
0 0.450914 0.637987 0.067683 0.091720
0 0.531098 0.403409 0.065244 0.084416
0 0.549238 0.537541 0.066768 0.088880
0 0.559909 0.692979 0.067987 0.092938
0 0.475762 0.783279 0.070427 0.096591
1 0.318597 0.408076 0.119513 0.146510
1 0.310061 0.560471 0.121952 0.155844
1 0.325305 0.717329 0.125000 0.164367
1 0.450915 0.637581 0.115244 0.155844
0 0.329574 0.709618 0.071951 0.095373
