0 0.552134 0.380682 0.065244 0.082792
1 0.450914 0.742492 0.115853 0.161932
1 0.318598 0.566356 0.120122 0.155439
1 0.562195 0.698052 0.114634 0.156656
1 0.562500 0.546266 0.114634 0.151786
1 0.434604 0.588068 0.116159 0.153409
0 0.329421 0.723823 0.070427 0.094562
0 0.451524 0.740057 0.070731 0.096997
0 0.558231 0.696429 0.068903 0.092533
1 0.430793 0.413555 0.112195 0.146104
1 0.314939 0.415787 0.117682 0.148945
1 0.361128 0.280438 0.112500 0.138799
1 0.472714 0.279627 0.110061 0.137175
1 0.558080 0.372159 0.110061 0.146916
0 0.325610 0.569805 0.069512 0.092532
1 0.324543 0.728085 0.123475 0.167207
0 0.431555 0.421064 0.065549 0.087257
0 0.368293 0.299310 0.065244 0.083198
0 0.471646 0.296266 0.065244 0.081169
0 0.319512 0.425122 0.068902 0.091315
0 0.559299 0.550933 0.066768 0.088879
0 0.432775 0.590909 0.070427 0.092532
