0 0.383232 0.793628 0.071341 0.098620
1 0.310670 0.673701 0.121951 0.161526
1 0.380641 0.801745 0.121037 0.168426
1 0.503049 0.808036 0.117683 0.167208
1 0.563109 0.668628 0.112805 0.155438
1 0.448933 0.665990 0.115548 0.157468
1 0.406707 0.522930 0.115854 0.147322
1 0.550762 0.502030 0.111280 0.147727
1 0.377744 0.323864 0.113414 0.145292
1 0.527896 0.346996 0.108232 0.142857
0 0.380183 0.335025 0.066464 0.084821
0 0.524847 0.357752 0.063719 0.086445
0 0.546342 0.507305 0.065243 0.086851
0 0.410061 0.533076 0.067682 0.088068
0 0.315701 0.673498 0.071646 0.095373
0 0.448476 0.665179 0.067683 0.092533
0 0.555793 0.668629 0.067683 0.092127
0 0.500152 0.797078 0.069207 0.097402
