1 0.423323 0.310673 0.112500 0.147321
1 0.437500 0.458401 0.114024 0.149756
1 0.314025 0.692776 0.124391 0.165584
1 0.453049 0.637175 0.114634 0.155844
1 0.562348 0.520089 0.110671 0.147321
1 0.563262 0.677151 0.111890 0.156250
1 0.485061 0.796469 0.119512 0.164367
0 0.321799 0.379262 0.068598 0.085633
0 0.483689 0.788758 0.069208 0.098620
0 0.557013 0.680803 0.067073 0.092939
0 0.456860 0.639002 0.068598 0.092939
0 0.319512 0.691153 0.073171 0.096591
0 0.314634 0.517858 0.072561 0.090909
0 0.437500 0.465097 0.067074 0.086851
0 0.559146 0.523945 0.066463 0.088474
0 0.527286 0.357548 0.064329 0.084415
0 0.424695 0.322241 0.066464 0.085227
1 0.310519 0.514611 0.121037 0.154221
1 0.316464 0.364651 0.118293 0.144886
1 0.530641 0.347606 0.109451 0.146509
