0 0.321342 0.385755 0.068293 0.087256
1 0.554878 0.355317 0.108536 0.137581
1 0.562500 0.500406 0.110366 0.146104
1 0.562500 0.692573 0.113414 0.156250
1 0.487347 0.816356 0.118597 0.168425
1 0.369513 0.782265 0.122561 0.168425
1 0.344207 0.519277 0.118903 0.153815
1 0.445122 0.445820 0.112804 0.146510
1 0.315854 0.374391 0.118903 0.146510
1 0.414634 0.304586 0.114024 0.140828
0 0.415092 0.321023 0.066769 0.082792
0 0.372256 0.777800 0.071952 0.098620
0 0.485976 0.805804 0.070122 0.096997
0 0.557470 0.691964 0.067987 0.093344
0 0.557775 0.505479 0.066159 0.087256
0 0.550153 0.369724 0.063719 0.081980
0 0.347256 0.519074 0.070122 0.091721
0 0.445579 0.452110 0.066768 0.087663
