0 0.314634 0.580560 0.071342 0.092126
1 0.315091 0.391640 0.117378 0.151785
1 0.425609 0.353085 0.111585 0.145293
1 0.535518 0.342330 0.107012 0.142451
1 0.309604 0.578125 0.120427 0.155438
1 0.413110 0.503449 0.115244 0.149757
1 0.557165 0.546672 0.112500 0.149350
1 0.457622 0.641437 0.115854 0.155438
1 0.446342 0.801745 0.119513 0.163555
1 0.559908 0.712054 0.113719 0.158685
0 0.321037 0.399148 0.068903 0.088880
0 0.423933 0.364854 0.066158 0.085228
0 0.528811 0.354302 0.063110 0.083604
0 0.412805 0.513799 0.068292 0.090909
0 0.457317 0.641842 0.068902 0.092127
0 0.552439 0.549513 0.065244 0.087662
0 0.554421 0.709416 0.067378 0.093344
0 0.446798 0.790585 0.071037 0.096591
