1 0.539329 0.369927 0.109756 0.137582
0 0.316006 0.406453 0.071036 0.082386
0 0.418597 0.457386 0.067073 0.090097
0 0.536890 0.385349 0.064634 0.081574
0 0.558841 0.518669 0.065243 0.084416
0 0.437043 0.605926 0.067988 0.090097
0 0.314939 0.550528 0.072561 0.092127
0 0.545274 0.665585 0.069207 0.092533
0 0.483079 0.791802 0.071037 0.098214
1 0.316921 0.391234 0.121037 0.144480
1 0.423476 0.453937 0.112195 0.151380
1 0.309756 0.547078 0.121342 0.155032
1 0.436433 0.605114 0.115548 0.153409
1 0.484146 0.800731 0.119512 0.168019
1 0.548476 0.667005 0.114634 0.157062
1 0.562957 0.514814 0.111281 0.148945
