1 0.560976 0.595982 0.114025 0.138393
0 0.317378 0.355925 0.070732 0.083604
0 0.492683 0.309254 0.065244 0.086039
0 0.422561 0.413149 0.065854 0.088474
0 0.312805 0.494318 0.071342 0.091721
0 0.555793 0.447849 0.065854 0.087256
0 0.450457 0.570414 0.067988 0.090504
0 0.353963 0.638595 0.071951 0.095373
0 0.562652 0.613231 0.066769 0.081981
0 0.482622 0.707386 0.068902 0.093344
0 0.384147 0.782061 0.072561 0.097403
1 0.315396 0.339692 0.119207 0.143669
1 0.495427 0.296064 0.109146 0.144075
1 0.422104 0.402801 0.113110 0.148133
1 0.559451 0.440747 0.110366 0.146104
1 0.312652 0.489245 0.121647 0.154626
1 0.450915 0.565341 0.114634 0.152598
1 0.346494 0.638393 0.119208 0.160714
1 0.484299 0.713068 0.117378 0.159091
1 0.377896 0.794845 0.122256 0.165179
1 0.392531 0.224635 0.113719 0.104302
0 0.267836 0.435877 0.001525 0.003247
0 0.395274 0.247768 0.067988 0.045860
