1 0.482927 0.733563 0.116464 0.161120
1 0.554268 0.463271 0.110976 0.147322
1 0.419817 0.450284 0.114024 0.148133
0 0.317530 0.401177 0.071037 0.088880
0 0.489939 0.340503 0.064634 0.084416
0 0.550000 0.469765 0.065244 0.087257
0 0.420122 0.456778 0.066464 0.088880
0 0.562348 0.632508 0.067987 0.083198
0 0.482012 0.730114 0.070122 0.096591
0 0.384299 0.810471 0.072866 0.097403
1 0.561586 0.613839 0.113415 0.135958
1 0.312500 0.393669 0.118902 0.149350
1 0.379116 0.821022 0.123476 0.170455
1 0.492378 0.327922 0.109756 0.146104
1 0.385213 0.277800 0.113109 0.125406
0 0.390092 0.300122 0.068597 0.071023
