0 0.380030 0.402597 0.068597 0.090909
0 0.465091 0.323458 0.064329 0.082792
0 0.542683 0.416193 0.065244 0.085633
0 0.453048 0.541599 0.068293 0.090504
0 0.421189 0.813514 0.072256 0.100243
0 0.541006 0.644683 0.068598 0.092127
0 0.340091 0.639813 0.071647 0.094562
1 0.544055 0.645293 0.114330 0.154221
1 0.421037 0.819805 0.121341 0.171266
1 0.335975 0.639814 0.121341 0.159497
1 0.453353 0.536932 0.115853 0.150974
1 0.375152 0.394278 0.114939 0.151380
1 0.545579 0.409091 0.110671 0.145292
1 0.464939 0.308442 0.110976 0.137987
