0 0.426372 0.621144 0.069208 0.091315
0 0.318140 0.586647 0.071037 0.092127
0 0.325610 0.445617 0.069512 0.087662
0 0.392531 0.329342 0.066769 0.088879
0 0.493140 0.363434 0.063720 0.086445
0 0.501830 0.522119 0.066463 0.087257
0 0.529573 0.660106 0.065854 0.092127
0 0.459603 0.795860 0.069817 0.099026
0 0.355335 0.741883 0.072256 0.098214
1 0.321342 0.434456 0.118903 0.147322
1 0.505945 0.513190 0.111890 0.146510
1 0.425762 0.620332 0.115549 0.154627
1 0.349695 0.745738 0.120732 0.165179
1 0.460213 0.802557 0.118597 0.166802
1 0.499238 0.353287 0.109451 0.146510
1 0.535670 0.661526 0.112195 0.155844
1 0.389939 0.315138 0.112804 0.146510
1 0.310975 0.587460 0.120731 0.157873
