1 0.476067 0.798904 0.118598 0.170049
0 0.543750 0.519481 0.064940 0.088474
0 0.311281 0.547078 0.072561 0.091720
0 0.447408 0.456372 0.066159 0.088880
0 0.334452 0.358158 0.068293 0.087257
1 0.564177 0.691356 0.115549 0.155439
1 0.547866 0.515422 0.112195 0.150162
1 0.331250 0.347199 0.117378 0.148945
1 0.465091 0.313717 0.110061 0.146103
1 0.310366 0.543831 0.121342 0.155844
1 0.445426 0.453125 0.112805 0.148134
0 0.462958 0.324472 0.065549 0.084821
0 0.330946 0.771307 0.074695 0.099432
0 0.475305 0.791802 0.070122 0.098214
0 0.560061 0.700082 0.067682 0.090909
1 0.325610 0.776177 0.125610 0.170860
