1 0.478201 0.776583 0.116768 0.165990
1 0.403354 0.302353 0.112195 0.143669
1 0.317987 0.394887 0.112805 0.149351
1 0.414634 0.477272 0.113414 0.149351
1 0.310214 0.548092 0.121037 0.157873
1 0.405488 0.637175 0.117073 0.156656
1 0.545732 0.357955 0.111585 0.146103
1 0.525153 0.500406 0.108231 0.145292
1 0.559299 0.644074 0.117378 0.154221
1 0.357774 0.790179 0.124085 0.170455
0 0.327591 0.404221 0.067378 0.087662
0 0.405335 0.315543 0.066159 0.086445
0 0.414482 0.484984 0.067378 0.088474
0 0.316311 0.545861 0.069818 0.090909
0 0.540091 0.370130 0.063109 0.084416
0 0.518446 0.508929 0.065549 0.086851
0 0.407012 0.637379 0.069512 0.092127
0 0.560671 0.635552 0.067683 0.090098
0 0.475762 0.771915 0.069817 0.097403
0 0.362043 0.782264 0.073475 0.100243
