0 0.360671 0.333401 0.067073 0.088068
1 0.550000 0.713068 0.112196 0.159091
1 0.563414 0.553571 0.110975 0.148539
1 0.565396 0.371753 0.108232 0.144481
1 0.465549 0.312906 0.109756 0.144480
1 0.354573 0.322037 0.114024 0.147321
1 0.315701 0.509132 0.121037 0.152191
1 0.343902 0.659699 0.121341 0.159497
1 0.436890 0.758117 0.118902 0.165584
0 0.347256 0.657265 0.070732 0.093750
0 0.437348 0.751623 0.071647 0.096591
0 0.542378 0.712256 0.067074 0.094155
0 0.559298 0.557021 0.065549 0.088068
0 0.560213 0.380073 0.064939 0.085634
0 0.464481 0.324269 0.066159 0.085227
0 0.321189 0.514611 0.071646 0.091721
