0 0.450610 0.622362 0.069512 0.094562
0 0.321037 0.646104 0.072561 0.097402
0 0.470275 0.785917 0.069817 0.098620
0 0.559299 0.612825 0.066768 0.089286
0 0.531098 0.473823 0.064025 0.086444
0 0.423018 0.470982 0.067378 0.088068
0 0.318750 0.452313 0.069818 0.088068
0 0.418141 0.326096 0.066159 0.087256
0 0.521189 0.339692 0.063110 0.083604
1 0.313414 0.443182 0.118293 0.150974
1 0.426524 0.466315 0.112195 0.150162
1 0.537652 0.468953 0.108841 0.147322
1 0.527743 0.325690 0.107927 0.141640
1 0.416768 0.312500 0.113415 0.146104
1 0.317835 0.646307 0.122256 0.159497
1 0.449543 0.621347 0.114939 0.155844
1 0.562805 0.615260 0.113414 0.153409
1 0.470884 0.791599 0.118598 0.165990
