0 0.495275 0.397119 0.064329 0.084821
1 0.525914 0.588474 0.111585 0.152598
1 0.409604 0.696022 0.118597 0.158279
1 0.496799 0.388799 0.110061 0.146104
0 0.555183 0.751015 0.067074 0.096185
1 0.459298 0.844156 0.121037 0.163961
1 0.559908 0.756493 0.116159 0.161525
1 0.314786 0.443182 0.118597 0.150162
1 0.311738 0.595576 0.119207 0.158685
1 0.419969 0.531047 0.114939 0.153004
0 0.460823 0.827516 0.070427 0.097403
0 0.410671 0.695008 0.070732 0.097808
0 0.320275 0.593344 0.071037 0.098214
0 0.521952 0.589894 0.066463 0.089691
0 0.420274 0.535106 0.069207 0.089691
0 0.319207 0.451298 0.068903 0.090097
