0 0.549390 0.540382 0.065854 0.087257
0 0.322104 0.394683 0.067988 0.087257
0 0.412500 0.320414 0.065854 0.081574
0 0.549390 0.379870 0.064634 0.086039
0 0.555335 0.681006 0.067378 0.092533
0 0.478811 0.794846 0.069208 0.097808
0 0.366463 0.789164 0.071951 0.097808
0 0.312500 0.656859 0.070732 0.093750
0 0.449390 0.450284 0.065854 0.087256
1 0.317378 0.385552 0.117074 0.149350
1 0.449238 0.443994 0.111280 0.148539
1 0.552743 0.532061 0.112195 0.146915
1 0.560976 0.683239 0.114634 0.155439
1 0.480640 0.802353 0.118598 0.169643
1 0.360366 0.799919 0.121951 0.167208
1 0.307165 0.656859 0.124085 0.161932
1 0.553659 0.370333 0.108537 0.142451
1 0.411281 0.304789 0.113415 0.140422
