1 0.422866 0.312500 0.112805 0.146104
1 0.436738 0.459212 0.113720 0.148133
1 0.310061 0.515827 0.121952 0.153409
1 0.562500 0.519277 0.111586 0.147321
1 0.455793 0.618912 0.116463 0.155844
1 0.563567 0.671266 0.112500 0.155844
1 0.325457 0.729707 0.122866 0.164773
1 0.487042 0.793629 0.119817 0.164367
0 0.314634 0.519277 0.070122 0.091315
0 0.437043 0.464894 0.066159 0.086445
0 0.320732 0.379667 0.070122 0.086445
0 0.423781 0.323255 0.066463 0.084822
0 0.526981 0.359172 0.064329 0.082792
0 0.558993 0.524960 0.064939 0.087257
0 0.555488 0.672484 0.065854 0.091721
0 0.458232 0.621551 0.072561 0.095373
0 0.330335 0.727272 0.072866 0.094967
0 0.485366 0.786932 0.068902 0.097402
1 0.315854 0.365665 0.117683 0.145293
1 0.530640 0.350243 0.108232 0.142857
