1 0.532470 0.320617 0.108231 0.144480
1 0.310670 0.678978 0.123781 0.163149
1 0.395579 0.790990 0.119817 0.168019
1 0.513719 0.793222 0.117073 0.161120
1 0.551829 0.642654 0.112805 0.155438
1 0.429725 0.585228 0.114939 0.153409
1 0.317226 0.521510 0.119817 0.153409
1 0.413567 0.436891 0.113720 0.146510
1 0.562957 0.475040 0.109451 0.144887
1 0.424696 0.285917 0.112195 0.139204
1 0.320884 0.341518 0.116768 0.148133
0 0.321494 0.525366 0.071036 0.090503
0 0.326067 0.353287 0.067988 0.086445
0 0.425609 0.302963 0.066463 0.079139
0 0.526372 0.331981 0.063720 0.085227
0 0.559451 0.481332 0.065244 0.086039
0 0.414787 0.446429 0.066769 0.086851
0 0.430335 0.586851 0.067988 0.089286
0 0.547866 0.643668 0.066464 0.090909
0 0.316311 0.676745 0.071036 0.093750
0 0.509451 0.781047 0.069512 0.095374
0 0.397713 0.784496 0.071037 0.097403
