0 0.386128 0.720982 0.071036 0.096997
1 0.381250 0.288961 0.113110 0.146916
1 0.491311 0.273741 0.108232 0.143263
1 0.559604 0.389002 0.108841 0.140828
1 0.562804 0.547078 0.112195 0.147728
1 0.560061 0.700690 0.116464 0.157874
1 0.384147 0.723214 0.121341 0.164773
1 0.313872 0.459618 0.117378 0.154627
0 0.383689 0.301339 0.066158 0.084821
0 0.487652 0.287541 0.063109 0.082387
0 0.555030 0.396307 0.061891 0.081575
0 0.559298 0.551542 0.064939 0.088474
0 0.553963 0.695820 0.060366 0.086445
0 0.318445 0.464894 0.069817 0.090503
