1 0.540853 0.433239 0.110975 0.145698
1 0.475000 0.315949 0.110976 0.137581
1 0.428658 0.535106 0.113415 0.151379
0 0.475000 0.331372 0.065244 0.084010
0 0.349086 0.394074 0.068903 0.091721
0 0.428201 0.541193 0.068598 0.091315
0 0.536281 0.439529 0.064025 0.082792
0 0.312805 0.622768 0.071342 0.095374
0 0.367073 0.779424 0.071342 0.096997
0 0.476525 0.800528 0.068903 0.098620
0 0.548018 0.675121 0.066768 0.092127
1 0.551372 0.675731 0.114330 0.155033
1 0.308384 0.621754 0.122866 0.158279
1 0.362500 0.787743 0.123170 0.172077
1 0.482317 0.807832 0.120732 0.168425
1 0.343902 0.383117 0.117073 0.149350
