0 0.443293 0.328328 0.064634 0.085228
0 0.553659 0.494724 0.066463 0.090098
0 0.491311 0.601461 0.066768 0.090098
0 0.555793 0.714489 0.063415 0.092127
0 0.475457 0.814732 0.069817 0.089692
0 0.363414 0.806818 0.073171 0.099838
1 0.476525 0.836445 0.123171 0.158279
1 0.358537 0.816761 0.123171 0.169237
1 0.390243 0.517451 0.117683 0.153409
1 0.485519 0.601055 0.114329 0.155032
1 0.559604 0.490057 0.110671 0.148945
1 0.442683 0.317167 0.113414 0.146510
0 0.392226 0.520901 0.069207 0.091314
0 0.323781 0.668628 0.072561 0.098620
1 0.319055 0.664976 0.122866 0.161120
1 0.562805 0.717329 0.115244 0.159497
