1 0.562043 0.683239 0.113719 0.156250
1 0.380640 0.760755 0.124695 0.143263
0 0.439634 0.645495 0.009756 0.017452
0 0.467378 0.595171 0.025000 0.070211
0 0.387805 0.756696 0.080488 0.068587
0 0.313720 0.611201 0.032317 0.085227
0 0.371494 0.315746 0.016158 0.045455
0 0.293445 0.469764 0.030792 0.071835
0 0.559603 0.539164 0.064939 0.086444
0 0.559604 0.679586 0.068597 0.091315
0 0.488415 0.795658 0.068903 0.090503
0 0.453202 0.298498 0.065549 0.084009
0 0.496341 0.413353 0.059147 0.095373
1 0.510061 0.419845 0.113414 0.168425
1 0.453658 0.275771 0.111585 0.134334
1 0.491006 0.811486 0.121036 0.157873
1 0.373476 0.301339 0.053659 0.122159
1 0.281098 0.466517 0.055487 0.127029
1 0.366463 0.662338 0.007317 0.013799
1 0.304421 0.609578 0.072256 0.151786
1 0.452134 0.677760 0.009146 0.010552
1 0.479573 0.596388 0.046951 0.134334
1 0.563109 0.528815 0.112195 0.147728
