0 0.422866 0.798701 0.073171 0.101461
0 0.319970 0.706372 0.072865 0.097808
1 0.455335 0.327314 0.113110 0.148133
0 0.433536 0.628856 0.069513 0.092939
0 0.315244 0.540179 0.071952 0.092533
1 0.551829 0.458401 0.109756 0.145698
1 0.562043 0.606128 0.112500 0.151380
1 0.330641 0.354911 0.115549 0.148133
0 0.334299 0.364448 0.068598 0.087662
1 0.537805 0.770495 0.116464 0.163555
0 0.453201 0.338475 0.068598 0.086039
0 0.547866 0.462459 0.064024 0.083198
0 0.558079 0.601867 0.066768 0.090098
0 0.533080 0.765828 0.069207 0.095780
1 0.310823 0.535106 0.121036 0.155439
1 0.433841 0.628246 0.116463 0.159091
1 0.315549 0.709415 0.123780 0.165585
1 0.422866 0.806615 0.120122 0.170860
