0 0.494817 0.467532 0.065854 0.088474
0 0.376677 0.695617 0.071036 0.094968
0 0.326067 0.564732 0.071036 0.092938
1 0.373475 0.699676 0.121341 0.163961
1 0.321342 0.559456 0.120731 0.155438
1 0.528964 0.603490 0.114025 0.152597
0 0.316616 0.391437 0.069208 0.092938
1 0.496341 0.461242 0.110365 0.144074
1 0.528201 0.324067 0.107012 0.140828
1 0.321037 0.392451 0.118293 0.156656
1 0.344054 0.251217 0.115549 0.143669
1 0.453049 0.221591 0.110976 0.125000
0 0.347104 0.265219 0.065549 0.084822
0 0.451982 0.238230 0.063719 0.077111
0 0.523628 0.335430 0.064330 0.084010
0 0.525610 0.601867 0.066463 0.090098
