1 0.479268 0.823255 0.118903 0.157062
1 0.327286 0.646307 0.124695 0.159497
1 0.359452 0.800731 0.122561 0.168019
1 0.562348 0.710430 0.114329 0.158685
1 0.461433 0.638595 0.116158 0.153815
1 0.556708 0.544440 0.112805 0.148944
1 0.315396 0.396510 0.117988 0.151786
1 0.424696 0.352475 0.112195 0.144075
1 0.534299 0.347809 0.107622 0.145293
0 0.320580 0.402394 0.069207 0.087257
0 0.423171 0.362622 0.065854 0.085633
0 0.529573 0.358360 0.064024 0.086039
0 0.552287 0.548296 0.066769 0.089285
0 0.459147 0.640827 0.072561 0.096591
0 0.557927 0.708604 0.070732 0.094156
0 0.474085 0.803571 0.070122 0.091721
0 0.363262 0.792817 0.073476 0.099431
0 0.330945 0.647727 0.071646 0.099026
