1 0.482012 0.755479 0.118293 0.162744
1 0.418597 0.307630 0.111585 0.148539
1 0.534299 0.321429 0.109451 0.146104
1 0.316921 0.421875 0.119817 0.153814
1 0.562652 0.491680 0.112500 0.149756
1 0.562957 0.640828 0.111890 0.152598
1 0.361586 0.760755 0.121341 0.164367
1 0.312043 0.617086 0.125305 0.160308
0 0.321646 0.427963 0.069512 0.087257
0 0.316464 0.619927 0.072561 0.095374
0 0.370427 0.748377 0.070122 0.095779
0 0.479725 0.744521 0.063719 0.090504
0 0.557318 0.641436 0.067683 0.089691
0 0.560061 0.496347 0.065854 0.086851
0 0.530793 0.332387 0.064025 0.081169
0 0.419360 0.319805 0.066768 0.085227
