1 0.473019 0.802151 0.118597 0.167614
1 0.381402 0.326502 0.112195 0.147321
1 0.544207 0.369318 0.109146 0.145292
1 0.563109 0.515625 0.112195 0.148944
1 0.315092 0.676136 0.124695 0.161526
1 0.330487 0.467533 0.118293 0.155845
0 0.383994 0.338068 0.068598 0.086851
0 0.333993 0.472808 0.069817 0.089285
0 0.320427 0.677760 0.071342 0.097403
0 0.358994 0.816964 0.072866 0.098214
0 0.472104 0.793628 0.074695 0.099432
0 0.556403 0.699676 0.066463 0.092533
0 0.560061 0.520698 0.065244 0.089286
0 0.540396 0.378450 0.064939 0.084010
1 0.351830 0.832183 0.122561 0.164367
1 0.563567 0.695211 0.114330 0.159090
