1 0.412500 0.824067 0.121342 0.168425
0 0.521647 0.439732 0.063415 0.085633
0 0.401067 0.621550 0.071646 0.093750
0 0.316159 0.738028 0.073171 0.098620
0 0.410975 0.814326 0.073781 0.099432
0 0.536585 0.766639 0.069512 0.095779
0 0.558080 0.578531 0.066159 0.088068
0 0.340854 0.410511 0.068293 0.088068
0 0.444055 0.330560 0.065549 0.083198
1 0.398933 0.619724 0.116768 0.159902
1 0.309756 0.741071 0.123170 0.166396
1 0.540243 0.769887 0.117683 0.163149
1 0.562805 0.575081 0.113414 0.150162
1 0.525152 0.433036 0.112500 0.148539
1 0.336738 0.401380 0.116768 0.148539
1 0.444207 0.319602 0.112195 0.146510
