0 0.451219 0.496754 0.067073 0.090909
1 0.346799 0.573255 0.120427 0.155438
1 0.400914 0.227272 0.111585 0.142857
1 0.535366 0.661120 0.115854 0.155844
0 0.350610 0.577922 0.069512 0.092532
0 0.529573 0.657467 0.063414 0.085227
0 0.555183 0.485796 0.060366 0.080357
0 0.560823 0.353693 0.062500 0.082386
0 0.507470 0.236810 0.063109 0.076704
1 0.451677 0.493304 0.111890 0.148945
0 0.365701 0.408888 0.068598 0.091314
0 0.403353 0.240260 0.064025 0.082792
1 0.510213 0.223620 0.108841 0.120942
1 0.564786 0.340909 0.109451 0.141234
1 0.562805 0.484781 0.110366 0.147322
1 0.362805 0.400568 0.115854 0.147727
