1 0.478202 0.792208 0.119207 0.162338
1 0.560518 0.679383 0.117378 0.154221
1 0.451524 0.636972 0.114025 0.155439
1 0.548018 0.523336 0.111890 0.146510
1 0.400610 0.311891 0.115244 0.143263
1 0.323476 0.706169 0.123171 0.165584
0 0.334756 0.433644 0.068902 0.088879
0 0.403811 0.327313 0.066768 0.083198
0 0.506250 0.368912 0.063110 0.082792
0 0.544969 0.527801 0.064329 0.087257
0 0.560976 0.686689 0.071951 0.095779
0 0.451524 0.637987 0.070122 0.093344
0 0.480183 0.780844 0.070122 0.097402
0 0.328354 0.703531 0.071951 0.097808
1 0.331250 0.427354 0.116768 0.151786
1 0.509146 0.357752 0.110366 0.146509
