0 0.352744 0.800325 0.071952 0.098214
1 0.560366 0.631088 0.116464 0.159091
1 0.466311 0.810471 0.121036 0.170454
1 0.343902 0.812906 0.121951 0.166396
1 0.337043 0.498986 0.118597 0.149757
1 0.360671 0.649553 0.120732 0.157061
1 0.560671 0.453734 0.110976 0.149351
1 0.461738 0.333199 0.112500 0.148539
1 0.348476 0.340909 0.113415 0.145292
0 0.354116 0.353490 0.067378 0.087662
0 0.460213 0.344561 0.067378 0.086039
0 0.558232 0.457793 0.064634 0.086039
0 0.560671 0.628450 0.066463 0.088068
0 0.465549 0.801948 0.069512 0.099026
0 0.364329 0.648539 0.073171 0.097402
0 0.341616 0.506088 0.071036 0.091721
