0 0.557622 0.717939 0.066464 0.094967
0 0.460823 0.793426 0.069207 0.097403
0 0.505183 0.589285 0.066464 0.090097
0 0.424085 0.396713 0.065244 0.087257
0 0.533231 0.423295 0.063415 0.081981
0 0.318750 0.376015 0.070426 0.086445
1 0.314634 0.361202 0.118902 0.144481
1 0.428506 0.388190 0.110670 0.150568
1 0.538262 0.415382 0.110061 0.148945
1 0.506707 0.584010 0.112195 0.150162
1 0.563415 0.720779 0.114634 0.160714
1 0.459451 0.801136 0.121342 0.167208
1 0.334908 0.666396 0.122865 0.163150
1 0.312652 0.513596 0.121647 0.156250
0 0.311281 0.514813 0.071341 0.093750
0 0.338720 0.664773 0.070731 0.094156
