1 0.534146 0.418426 0.111585 0.147727
1 0.315549 0.375406 0.118293 0.152598
1 0.442835 0.318588 0.110671 0.148539
1 0.504268 0.582792 0.114024 0.151786
1 0.562348 0.717532 0.116159 0.161526
1 0.480030 0.841315 0.121647 0.156656
1 0.360366 0.817573 0.121951 0.167614
1 0.320275 0.664570 0.123475 0.158685
0 0.320884 0.383320 0.067988 0.085633
0 0.442835 0.328734 0.065549 0.086851
0 0.529725 0.424716 0.063719 0.088068
0 0.503964 0.589083 0.067683 0.088068
0 0.557165 0.714082 0.066159 0.092127
0 0.477286 0.818588 0.071037 0.092533
0 0.365548 0.807021 0.072561 0.099432
0 0.325000 0.668831 0.073780 0.097402
