0 0.381707 0.689529 0.071341 0.094968
0 0.486586 0.727882 0.067073 0.094561
0 0.427134 0.272321 0.064634 0.086039
0 0.457927 0.411120 0.066464 0.086850
1 0.491464 0.731331 0.117073 0.161526
1 0.379726 0.690747 0.121037 0.161526
1 0.561433 0.461647 0.111890 0.148945
1 0.458537 0.403815 0.111585 0.146916
1 0.336890 0.451096 0.118293 0.152192
1 0.553201 0.315949 0.108232 0.143263
1 0.427439 0.257305 0.112196 0.146104
1 0.319665 0.306210 0.116769 0.146509
0 0.557318 0.463880 0.062195 0.080357
0 0.549238 0.327922 0.063720 0.083604
0 0.325000 0.318790 0.068292 0.087257
0 0.340854 0.458807 0.068903 0.090503
