1 0.342683 0.312906 0.115854 0.149350
0 0.346646 0.325284 0.067683 0.083198
0 0.460975 0.336647 0.063415 0.084821
0 0.557165 0.437297 0.061281 0.079952
0 0.558994 0.635552 0.066768 0.090098
0 0.412652 0.753653 0.069817 0.098215
0 0.333537 0.654627 0.071341 0.093344
0 0.351830 0.494115 0.068293 0.089692
1 0.562500 0.635755 0.115244 0.156250
1 0.414025 0.759740 0.122561 0.164773
1 0.327439 0.652394 0.122561 0.160309
1 0.348323 0.486810 0.117378 0.151380
1 0.562957 0.431210 0.111281 0.146509
1 0.461280 0.324878 0.110975 0.144886
