0 0.379726 0.690138 0.073475 0.096996
0 0.487500 0.730926 0.072560 0.096591
1 0.368750 0.300528 0.112500 0.144887
1 0.527134 0.293425 0.110366 0.141234
1 0.450153 0.403003 0.110061 0.146104
1 0.312957 0.476056 0.119207 0.153409
1 0.449390 0.565138 0.114024 0.150568
1 0.376372 0.692776 0.120426 0.163150
1 0.489634 0.733969 0.117683 0.164367
0 0.318140 0.481737 0.070427 0.090910
0 0.373933 0.315543 0.067988 0.085633
0 0.523475 0.307630 0.065853 0.082792
0 0.450609 0.412540 0.066463 0.086445
0 0.448476 0.565747 0.066463 0.084416
