0 0.348324 0.496956 0.069817 0.089692
0 0.346189 0.325893 0.065548 0.086039
1 0.562805 0.634943 0.114024 0.155438
1 0.411280 0.762987 0.122561 0.164772
1 0.325762 0.654220 0.122256 0.164773
1 0.343140 0.491477 0.116768 0.151786
1 0.444970 0.427151 0.111891 0.149756
1 0.555335 0.332589 0.109451 0.143263
1 0.342988 0.313717 0.116464 0.146103
0 0.444817 0.435470 0.064634 0.085227
0 0.551067 0.343141 0.063720 0.078328
0 0.560671 0.635755 0.067683 0.092126
0 0.411281 0.756696 0.069513 0.097809
0 0.331860 0.656859 0.071646 0.094562
