1 0.563567 0.380885 0.110061 0.142451
0 0.387653 0.290787 0.066769 0.084010
0 0.489634 0.287338 0.064024 0.073863
0 0.558537 0.389205 0.064634 0.083603
0 0.559604 0.676542 0.068597 0.092532
0 0.413872 0.749391 0.071036 0.098620
0 0.330641 0.422281 0.070427 0.091315
0 0.311128 0.651177 0.072866 0.094562
1 0.493293 0.266234 0.108537 0.126623
1 0.326829 0.411729 0.118902 0.150568
1 0.306555 0.651989 0.123476 0.161120
1 0.412500 0.753247 0.121342 0.165584
1 0.563262 0.678166 0.114939 0.156656
1 0.382927 0.278815 0.110976 0.143668
