0 0.462500 0.793019 0.075000 0.099837
1 0.454268 0.451095 0.110976 0.148945
0 0.452744 0.631899 0.069512 0.093344
0 0.561433 0.438515 0.065548 0.085633
0 0.454573 0.457387 0.066464 0.087663
1 0.564481 0.432427 0.110061 0.147322
1 0.361586 0.331168 0.115853 0.147727
0 0.349695 0.687906 0.073780 0.098214
0 0.552592 0.686689 0.069207 0.091721
0 0.364787 0.343547 0.067987 0.084822
1 0.353506 0.525365 0.118598 0.153815
1 0.451676 0.631494 0.114329 0.156655
1 0.558231 0.691558 0.112805 0.159903
0 0.359452 0.530844 0.068293 0.090909
1 0.341006 0.692573 0.121036 0.161932
1 0.463871 0.799310 0.119817 0.170048
