1 0.339481 0.522728 0.074085 0.154221
0 0.363719 0.364651 0.067073 0.087256
0 0.465549 0.328734 0.064024 0.086039
0 0.424086 0.479708 0.067073 0.089286
0 0.322561 0.527800 0.067682 0.093750
0 0.315701 0.734578 0.075915 0.099838
0 0.425610 0.794845 0.075610 0.092127
0 0.557317 0.735796 0.070732 0.094155
0 0.570580 0.567776 0.039939 0.068182
1 0.426219 0.474432 0.112195 0.149351
1 0.309908 0.738433 0.124085 0.165991
0 0.538263 0.381290 0.025305 0.048295
1 0.582927 0.563515 0.068902 0.131087
1 0.530793 0.372159 0.042683 0.108766
1 0.422713 0.800122 0.122256 0.151380
1 0.560518 0.739448 0.117988 0.161526
1 0.467531 0.316558 0.110671 0.147727
1 0.358384 0.354302 0.115549 0.149350
