1 0.453964 0.806007 0.122561 0.153409
1 0.351067 0.397321 0.100305 0.155033
1 0.458994 0.308442 0.111890 0.146104
1 0.531250 0.382102 0.073476 0.125406
1 0.426219 0.515827 0.115243 0.153409
1 0.341769 0.681615 0.121341 0.153815
1 0.563109 0.725446 0.103659 0.152191
0 0.459298 0.321429 0.064329 0.083604
0 0.535823 0.394886 0.043598 0.072240
0 0.427134 0.521104 0.067683 0.090098
0 0.346341 0.402801 0.068903 0.089691
0 0.348170 0.685065 0.071951 0.095780
0 0.456097 0.795657 0.070731 0.086445
0 0.558536 0.727273 0.052439 0.078734
