1 0.361738 0.760552 0.119817 0.162338
1 0.483232 0.755479 0.117683 0.159496
1 0.562652 0.640625 0.114329 0.153004
0 0.316616 0.619724 0.072256 0.094156
0 0.369817 0.748579 0.070732 0.096997
0 0.481098 0.746754 0.065244 0.090097
0 0.558841 0.640423 0.067073 0.090909
0 0.440091 0.542614 0.068597 0.090909
0 0.419512 0.279018 0.065854 0.084010
0 0.559603 0.495332 0.064939 0.085633
0 0.321647 0.429383 0.067683 0.086850
1 0.417836 0.266031 0.114329 0.148945
1 0.317378 0.420860 0.119512 0.153409
1 0.311890 0.618304 0.122561 0.158685
1 0.440091 0.536932 0.114939 0.150974
1 0.563414 0.490057 0.111585 0.147322
