0 0.423933 0.338068 0.067378 0.085227
1 0.451372 0.493100 0.114330 0.150163
1 0.309909 0.559456 0.119817 0.155438
1 0.315396 0.406047 0.118597 0.151380
1 0.424391 0.328328 0.113415 0.146104
0 0.529878 0.396916 0.064024 0.083604
0 0.450304 0.498377 0.067683 0.090097
0 0.554269 0.533076 0.066463 0.088068
0 0.559451 0.698052 0.071951 0.095780
0 0.476067 0.788555 0.072866 0.094968
0 0.448781 0.641842 0.067683 0.092127
0 0.331402 0.706981 0.072561 0.094155
0 0.314786 0.562906 0.071037 0.092532
0 0.319817 0.415179 0.067074 0.085227
1 0.324543 0.716315 0.126525 0.167208
1 0.474237 0.801745 0.119207 0.164367
1 0.560214 0.530844 0.111281 0.149350
1 0.448628 0.644481 0.114939 0.155845
1 0.562195 0.696225 0.115854 0.157061
1 0.533689 0.387987 0.108232 0.147728
