0 0.487653 0.803775 0.071647 0.096185
1 0.345884 0.319602 0.116158 0.144886
1 0.458080 0.326705 0.113719 0.148539
0 0.557470 0.382914 0.064329 0.084010
0 0.457622 0.340097 0.068902 0.087663
1 0.313110 0.463068 0.119512 0.153409
1 0.306250 0.655844 0.125914 0.159902
1 0.368445 0.790382 0.122866 0.168425
1 0.488872 0.815949 0.121036 0.168425
1 0.563415 0.689529 0.117073 0.159091
1 0.557318 0.517451 0.112805 0.146915
1 0.563719 0.371957 0.107317 0.143263
0 0.350915 0.336647 0.066463 0.085633
0 0.372561 0.785917 0.076220 0.102678
0 0.311281 0.658888 0.074391 0.098620
0 0.317530 0.468344 0.071037 0.090098
0 0.552287 0.519481 0.065549 0.087663
0 0.557926 0.687906 0.067683 0.093344
