1 0.559603 0.663758 0.114329 0.156250
0 0.434451 0.335228 0.065854 0.085227
0 0.318293 0.419440 0.070732 0.092126
0 0.549695 0.378653 0.064634 0.084415
0 0.483842 0.487419 0.068293 0.090909
0 0.313567 0.603693 0.073476 0.094562
0 0.355793 0.754261 0.075610 0.099432
0 0.466920 0.797687 0.069817 0.099432
0 0.557012 0.662540 0.069512 0.092127
1 0.467683 0.804789 0.118292 0.168020
1 0.350457 0.758117 0.124085 0.166396
1 0.308079 0.602070 0.122256 0.158685
1 0.484451 0.483158 0.111585 0.148133
1 0.555030 0.369521 0.111281 0.144886
1 0.314024 0.409496 0.118903 0.152597
1 0.433689 0.323863 0.113110 0.146915
